datasets/198/23.jpg,2,218,32,800,651,