datasets/218/207.jpg,22,149,58,403,278,