datasets/203/128.jpg,7,48,45,676,439,